0.014362108417049404, -1.2202930355164465, -0.52556039009121, 0.8843674740243199, -0.7651923172836244, -0.648859941532785, -0.0929811568997128, -0.9697068240610874, 1.1085241733110127, 1.1669969304097145, 1.8052502465385556, 1.4416780586063331, 0.15503223330954238, 0.47064496254661153, 0.08615119242073963, 1.5773073468361658,
-0.7777467231891836, -0.11750983400221116, 0.9443825058244741, 0.6002276775460034, -0.590254320360871, -0.7639674868831843, 0.058543209457142004, -1.0081417010056934, -0.5960712582759962, -0.33037263079992685, 0.2674115802371742, -0.08744129323962169, -0.355504897887322, -0.33545508036908667, 0.5068492258264906, -0.15468199982811323,
-0.004644798324813376, -0.01796677852989159, 0.08078124146874688, 1.9385849679730087, -1.414248517780981, -0.22178710802653842, 1.0451233723542415, -0.8271054702381975, -0.7048820857199538, -0.9851293181131686, 1.556107620642935, 0.5351592318173528, -2.6295674180346063E-5, 0.028495621006705885, 0.7157192003785544, 1.3077579648810986,
0.03760520911560271, -0.6228175082330998, 1.2261726297257716, -0.39759206960719506, -0.8918955365289049, -0.565490423121312, -1.9030177797500567, -2.736832770854579, -2.964469624259766, -0.5700607306356882, 0.15162548248960542, -2.2821856384097647, 0.09352003648900539, -0.33545508036908667, 0.5068492258264906, -0.15468199982811323,
0.03760520911560271, -0.6228175082330998, -0.3094422663491784, -0.2276330712581141, -0.9965351790523862, 1.1995768554877986, -0.29336118386533394, 0.876083891429565, 0.052958518649393216, -0.6532087745355472, 1.7164484324289135, 1.1185678880603585, 0.09352003648900539, -0.6994057817448791, 0.2979792512744269, -1.617121964537325,
-0.7354967157487674, -0.7223605637054193, 1.385495645625517, -0.12058468332884073, -1.062442281085473, -0.45327228024365807, -0.3504473060894827, -0.9043993095046167, -1.2668891762307501, 0.9307981777822736, -1.5188287810945234, -0.7469331459512121, -0.2619585657241362, 0.10669426117081898, -0.1227187821313241, 0.11486738212695408,
1.5880452528010334, 1.376070386981441, -0.1485140614009161, 0.05216518123816383, -1.168800192404435, -0.38328978178206263, -0.4425703176886178, -0.881031869008344, -1.0969834325048082, 0.8462847747719193, 0.04533460500520844, -0.8954802962822788, 0.5879065151110289, -0.6994057817448791, 0.2979792512744269, -1.617121964537325,
-0.0067628953031586385, -0.9178676706648425, -0.39760966294615807, 1.1068293468347652, 1.0987621974298172, -0.5587386687274911, -0.21161429007553073, -0.9396149650103315, -0.0978101823031981, 1.058163213182834, 0.1476866933953227, -0.5230667249262451, 0.10825906722794951, 0.10669426117081898, -0.1227187821313241, 0.11486738212695408,
1.583809058844343, -0.42373139728846054, -0.1741774544539336, 0.00754545449934918, -1.1413289063837015, -0.401365627836603, -0.4187757774485256, -0.8870674674277269, 0.2842651099879573, -0.7682637852965671, 1.660868824048475, 0.9163384975604183, 0.8044772409152886, -0.33545508036908667, 0.5068492258264906, -0.15468199982811323,
0.016480205395394666, -0.32039214338149563, -0.3655611194126615, 1.1625506324764348, 1.0644559502341413, 1.1600499017978763, -0.24132900305867871, 0.8628856810390763, -1.4681399398427326, -0.6054745918412663, -1.4704711508035389, -0.5709813106516819, 0.04674687040741252, -0.33545508036908667, 0.5068492258264906, -0.15468199982811323,
-0.0067628953031586385, -0.9178676706648425, -0.4145467408456799, 1.0773816511980492, -0.8840264755077163, 1.125547193988352, -1.89620191066482, 0.8513650867558957, -1.5519067152480601, -0.5638078706730442, 0.15464605070026188, 1.2757056796147874, 0.10825906722794951, 0.47064496254661153, 0.08615119242073963, 1.5773073468361658,
1.5880452528010334, 1.376070386981441, -0.3488048946328677, -0.29607100984680124, 1.0465193101880463, 1.1718520410921276, -0.2568650104748123, 0.8668264632882051, -0.014352670763846942, 1.0166503240226923, 1.7326223318649805, -0.5960329192468425, 0.5879065151110289, -0.7776044219089924, 1.1364172337843055, -0.42423138178318054,
0.039723306093947974, 0.2770833839018512, -0.1710640282511676, 0.01295862126579711, -1.1446616621710572, 1.2970426786543146, -2.121953789639986, -0.8863352419488332, -1.1355445031472513, 0.8654655701485147, -1.5503889949673415, 0.9116837298160954, -0.014765326413124454, 0.563016232000697, -1.222886976202129, -0.3754485939437121,
1.5648021521024802, 0.7785948596980944, -0.28386576162166016, -0.18316441313803436, 0.9770054507695396, 1.2175915023083792, 1.383216147948601, 0.8820990551761451, 0.09669505325869393, -0.6749639153251034, -1.5040393488360033, -0.6931210022777903, 0.6494187119315659, -0.33545508036908667, 0.5068492258264906, -0.15468199982811323,
0.04184140307229323, 1.176984276036802, -0.41181648876671206, -0.40562628594847977, -0.8869490639439017, 1.1274702295030852, 1.5018492811244193, 0.852007196125389, 1.3030294088729049, -0.5661301980982226, 0.15352420430722935, 1.2716237812547877, -0.12305068931525429, 0.47064496254661153, 0.08615119242073963, 1.5773073468361658,
1.5880452528010334, 1.376070386981441, -0.3382591450701017, 1.2100192829420406, 1.035230650814624, -2.2131508974279286, -0.26664280025556253, 0.8693066462188388, 0.0036808543658273796, 1.007680205982187, 1.7282891381646808, -0.6117994772789109, 0.5879065151110289, 0.563016232000697, -1.222886976202129, -0.3754485939437121,
1.5880452528010334, 1.376070386981441, -0.20602804095666796, 1.4399232445781427, 0.8936843449760665, 1.2724160008877394, -2.0895359170088255, -0.8945581896855039, -1.1953339375545586, -0.7411719679830228, 0.06896680036570492, 0.963957125090111, 0.5879065151110289, 0.9269669333764895, -1.0140170016500654, 1.0869913707654997,
1.541559051403927, 0.1811193324147476, -0.9624327186424453, 0.12479823548149427, -0.29754391758132087, 0.7396472247350157, 0.312077370630919, 0.7225115195459539, 0.36146033792427307, 1.5385965338718566, -1.2252197119867034, 0.3213792229395905, 0.7109309087521029, 0.563016232000697, -1.222886976202129, -0.3754485939437121,
-0.7777467231891836, -0.11750983400221116, -0.19758657115943376, -0.03315486865895678, -1.116270702303633, -0.41785368882554697, -0.39707135324073195, -0.8925728979643274, 0.24423486919193083, -0.7483522049179012, 0.06549824428735894, 0.9513365974887389, -0.355504897887322, 0.9269669333764895, -1.0140170016500654, 1.0869913707654997,
1.583809058844343, -0.42373139728846054, 0.08002263318722996, 0.44951111446097336, -1.413436468297259, -0.2223214288968954, -0.6544645736227876, 0.9676794854802367, -0.7061793269854415, 0.6518935544189827, 1.5564193288441301, 0.5362933988505219, 0.8044772409152886, 0.563016232000697, -1.222886976202129, -0.3754485939437121,
0.03760520911560271, -0.6228175082330998, 0.3272278774306052, 0.8793151713038934, 0.3228624810860434, -0.04820400297480207, 0.8166234080543036, 1.0258180012383085, -0.28345148220615535, -1.194754570647938, -0.1501452857359547, 0.1667060304043747, 0.09352003648900539, 0.9269669333764895, -1.0140170016500654, 1.0869913707654997,
1.562684055124135, -0.12130603243685645, -0.11265954855585916, 0.11450372556839827, 0.7937383809030998, -2.0542512707054046, 1.2244774683931712, 0.9223638770114231, 0.3894624404702571, -0.8205903529081042, -1.5743870922082, -0.9490850452020758, 0.7577040748336957, -0.33545508036908667, 0.5068492258264906, -0.15468199982811323,
0.04184140307229323, 1.176984276036802, -2.0586841219689522, -0.4290971555560514, 1.1284202890623887, 1.1179619725772623, -0.18592562539987806, 0.8488323505165349, 1.279944959188591, -2.1910252894963933, -1.4459182024962345, 1.2918063197750682, -0.12305068931525429, 0.47064496254661153, 0.08615119242073963, 1.5773073468361658,
1.5457952453606174, 1.9809211166846492, 0.6904523724347329, 0.1587313742631919, -0.31843572999671044, 0.7533938394634239, -1.4063096011701663, -1.0678617975866314, -1.0302988505785353, -0.11438198385820716, 0.37175015264227484, 0.29220020690710796, 0.4943601829478431, 0.10669426117081898, -0.1227187821313241, 0.11486738212695408,
0.03760520911560271, -0.6228175082330998, 1.2088248873255603, 1.0600011290285798, -0.8733257085912789, 1.1185061906912706, 1.5136492921212978, 0.8490140671553467, -0.1438674292577063, -0.5553048997542507, -1.4462356844790403, 1.2906511445273758, 0.09352003648900539, -0.6994057817448791, 0.2979792512744269, -1.617121964537325,
1.5457952453606174, 1.9809211166846492, 1.0572540852485133, -0.6912827472242513, -0.7110772932064329, 1.011748269825238, -0.04610886569985927, 0.8133671637411762, 1.0220759411244218, 1.209997444259927, 1.8260224989084815, 1.5172590146168021, 0.4943601829478431, 0.10669426117081898, -0.1227187821313241, 0.11486738212695408,
0.014362108417049404, -1.2202930355164465, -0.4953846678410619, 0.9368325739495875, -0.7974938097286604, -0.6276058653920578, -0.12095943069506236, 0.8323533659210259, -1.6901418192798336, -2.1314254772472156, -1.4171273293091695, -0.3768869508299475, 0.15503223330954238, 0.028495621006705885, 0.7157192003785544, 1.3077579648810986,
1.5880452528010334, 1.376070386981441, -0.39562312804386796, -0.37747165616341316, 1.0966357183481832, 1.1388759191142397, -0.21345616205922507, 0.8558156022150042, -0.0944131523558999, 1.0564734847800241, -1.4581188276572516, -0.5260367193902015, 0.5879065151110289, -1.141555123284785, 0.9275472592322417, -1.8866713464923923,
0.016480205395394666, -0.32039214338149563, -0.765707679738105, -1.0209201484473263, 1.4927913845316902, -0.8180061424698442, -1.5706131206726923, -1.0261854276041775, 0.6978656272403854, -1.901491197910381, 0.298936255881364, 0.027262932410816842, 0.04674687040741252, 0.47064496254661153, 0.08615119242073963, 1.5773073468361658,
-1.5529667450318987, -1.1169537816094817, -0.8017722551394102, -1.0836239186009151, -0.4695223280743382, 0.8528073902412883, 0.16311648085623942, 0.7602961584505983, 0.6361942000061618, 1.4019402143293611, -1.2912342616586003, 0.08118173804737322, -0.6026981371983338, 0.10669426117081898, -0.1227187821313241, 0.11486738212695408,
0.7895821302597649, -0.220849087909176, -1.900599388972034, -0.15424271314740856, 0.9591990599482981, -0.4669074458972013, -0.33249835383327236, 0.8860112209267577, 0.12514059189365978, -0.6891131089767387, 0.09411486629663265, -0.7179906953864128, 0.40222547262055414, 0.47064496254661153, 0.08615119242073963, 1.5773073468361658,
-0.7735105292324931, 1.6822919502676905, -0.467848453504696, 0.9847084864048041, -0.8269698505000339, 1.088004475047123, -0.14649041012295289, 0.8388294204077031, -1.6430541267212873, 1.1179076854541008, -1.4284418167035724, -0.418055320961801, -0.5720756236915816, 0.10669426117081898, -0.1227187821313241, 0.11486738212695408,
-0.004644798324813376, -0.01796677852989159, 1.2152668210247717, 1.071201414226042, 1.1206974533929661, 1.1230435253141688, -0.19261483987513084, 0.8505291016160045, -1.5579852019766218, -0.560784349588244, 0.15610662261896124, -0.49243036017725633, -2.6295674180346063E-5, 0.028495621006705885, 0.7157192003785544, 1.3077579648810986,
-1.5085986406131375, -0.8219036191777389, 1.4680501532717665, -1.4648059657573702, -1.1508124543967648, 1.3010898416921661, -0.4269900512413643, -0.8849838777714367, 0.2994149870242599, 0.8605780692963657, -1.552749999338422, 0.9030930885927331, -0.6174371679372778, -0.33545508036908667, 0.5068492258264906, -0.15468199982811323,
1.5457952453606174, 1.9809211166846492, 0.8813430193900574, -0.9971309907796769, 1.478144975818662, 0.8878464405083344, 0.11699205110406141, 0.7719958396588995, 0.7212631247508274, -0.27675182071298376, 0.2933141776639335, 0.006806698831917979, 0.4943601829478431, -0.33545508036908667, 0.5068492258264906, -0.15468199982811323,
-0.0067628953031586385, -0.9178676706648425, 1.1457006637327578, -0.5375048677833998, -0.8057546123776111, -0.6221703354770519, -0.12811461086746367, -0.9607950561893165, 1.173322050870933, 1.134765594256239, -1.4202982689941892, 1.3850258239735032, 0.10825906722794951, -0.33545508036908667, 0.5068492258264906, -0.15468199982811323,
-0.7777467231891836, -0.11750983400221116, 1.2142382584918325, -0.41834179596480586, 1.1217984744260852, -0.5738963208425041, -0.19166117905058938, 0.8502872010074131, -0.1346104139661714, -0.5599094637133621, 0.15652925361940073, -0.49089259458092044, -0.355504897887322, -0.33545508036908667, 0.5068492258264906, -0.15468199982811323,
0.016480205395394666, -0.32039214338149563, 1.3929927963016322, -0.10754974232174502, -1.0704675788369675, -0.4479917103209984, -0.35739850124439965, -0.9026361057584419, 0.17106481854815264, 0.9244211700473611, -1.5219093213526236, 1.0153085520228076, 0.04674687040741252, -0.33545508036908667, 0.5068492258264906, -0.15468199982811323,
-0.7354967157487674, -0.7223605637054193, 1.641262317335563, 1.8118596194012249, 0.6646921193156752, -1.969340052620902, -0.5875886049624136, 0.9507160776283318, -0.8295210523089361, -0.9231322191150352, -0.01893271336976983, 0.6441300229217821, -0.2619585657241362, -0.33545508036908667, 0.5068492258264906, -0.15468199982811323,
0.7726933204962473, 1.8813780612123296, 1.113568682536564, 0.8943836746615377, -0.7713590496385023, 1.051413094702421, -0.098322536296996, -0.9683519577462828, -0.3067581894256549, -0.4742808439522168, 0.19789385930673792, 1.433065154245845, 0.13888158073470158, -0.6994057817448791, 0.2979792512744269, -1.617121964537325,
-0.0067628953031586385, -0.9178676706648425, -0.40790874002481303, 1.0889228290192057, -0.8911320994125203, -0.5659927575143096, -0.2020652096605757, 0.8529262329059593, -0.11542189062274039, -0.5694540934058859, 0.15191853065359573, 1.2657814514187535, 0.10825906722794951, -0.4136537205331998, 1.3452872083363692, 1.0382085829260312,
1.5859271558226882, 0.47616949484649035, 1.5215212786084735, 0.11591664604078308, -1.2080504265908758, 1.3387518853647467, -0.4765673164486115, -0.8724083684107641, -1.0342815596665464, -0.8212815877035904, 0.030268257276406793, 0.8231503974029322, 0.6961918780131587, -0.33545508036908667, 0.5068492258264906, -0.15468199982811323,
0.016480205395394666, -0.32039214338149563, -0.22099568786493387, -0.07385519181726269, -1.0912124982235645, -0.4343417498144909, -0.37536692903293833, -0.8980783285009278, 0.20420462839590436, -0.7284406245392353, -1.5298723354737571, 0.9863346974170595, 0.04674687040741252, 0.028495621006705885, 0.7157192003785544, 1.3077579648810986,
-4.0860436812285503E-4, 1.78183500574001, 1.160500629566506, -0.5117728677364307, -0.8215971821296327, 1.0844693101373994, -0.1418368175084792, 0.8376490144849593, -1.6516369129376156, -2.1505783357451884, 0.17860976612753202, -0.41055146378559626, -0.21659702147844004, -0.33545508036908667, 0.5068492258264906, -0.15468199982811323,
-0.004644798324813376, -0.01796677852989159, -0.9497772599466402, 0.1468016824767766, 1.689827999104776, -0.947654368965061, -1.3999478066902191, -1.069475497045422, 0.3831015243624701, -1.7449232979892193, -1.2304197742078553, 0.30245851723135436, -2.6295674180346063E-5, -0.6994057817448791, 0.2979792512744269, -1.617121964537325,
0.03760520911560271, -0.6228175082330998, 1.4436318901290324, 1.4682489503438172, 0.8762448933769365, -2.1085397745944654, -0.4043499683909544, -0.8907266425774737, 0.2576590777466266, -0.7550295868756768, 0.062272602294324506, 0.9395999258346803, 0.09352003648900539, -0.4136537205331998, 1.3452872083363692, 1.0382085829260312,
-0.0025267013464681173, 0.8819341136050594, -0.26035831614862326, -0.14229313040594987, 0.9518419910168681, -0.4620665642101625, -0.33887075564241675, -0.9073357566422877, 0.1368934389826642, 0.941418474019004, -1.51369843603769, -0.7282661098901415, -0.1083116585763102, 0.12086689046079135, -0.5933189682443144, -0.6449979758987794,
0.016480205395394666, -0.32039214338149563, 1.1204766376088529, 0.9063942091615071, -0.7787536450927037, 1.056278668486075, -0.104727442094322, 0.8282360447308061, -0.2949453940762736, 1.1562209199722107, 0.19505541646082747, 1.4227373274866442, 0.04674687040741252, -0.33545508036908667, 0.5068492258264906, -0.15468199982811323,
1.5880452528010334, 1.376070386981441, -0.26035831614862326, -0.14229313040594987, 0.9518419910168681, -0.4620665642101625, -0.33887075564241675, -0.9073357566422877, 0.1368934389826642, 0.941418474019004, -1.51369843603769, -0.7282661098901415, 0.5879065151110289, -0.33545508036908667, 0.5068492258264906, -0.15468199982811323,
0.03760520911560271, -0.6228175082330998, 1.27933363213552, 1.182591346137354, 1.0521173677891746, 1.1681685722029729, -0.2520161946328506, 0.8655965380643375, -0.023295514115555027, 1.0210986146317516, 0.12978190282061058, 1.185236141999765, 0.09352003648900539, 0.563016232000697, -1.222886976202129, -0.3754485939437121,
1.583809058844343, -0.42373139728846054, 1.4640924683185919, 0.016067891950627633, -1.1465759648918883, -0.3979131130267187, 1.2769707393133527, -0.8859146587090334, -1.1324864229022937, -2.408810774656428, 0.053865457028091264, -0.8644403329701233, 0.8044772409152886, -0.6994057817448791, 0.2979792512744269, -1.617121964537325,
-4.0860436812285503E-4, 1.78183500574001, 1.2283883010936543, 1.0940151105238316, 1.1066516126406167, -0.5639298292251514, -0.2047807909971664, 0.8536150530410597, -0.11041344747012782, -2.2083229676908993, -1.4542741895461024, 1.261402612059939, -0.21659702147844004, 0.028495621006705885, 0.7157192003785544, 1.3077579648810986,
0.03760520911560271, -0.6228175082330998, 1.0026687469099755, -0.7861876912267716, -0.6526466157454035, -0.7229139473616255, 1.7047927846722155, -0.994433757405225, 0.9287334940294041, -0.379950373905098, -1.3615271975564063, -0.1745828849374096, 0.09352003648900539, -0.33545508036908667, 0.5068492258264906, -0.15468199982811323,
-4.0860436812285503E-4, 1.78183500574001, -2.0771718185044534, 1.0265140587837902, 1.1482103767698895, -0.5912751024697579, -0.1687842350057161, 0.8444843552316877, 1.2483304837946476, -0.5389222167904896, -1.4383217040506868, 1.3194465874081445, -0.21659702147844004, 0.563016232000697, -1.222886976202129, -0.3754485939437121,
-0.025769802045021425, 0.2844585863217125, 1.2967791128898503, -0.27483191944850494, -0.9674759903648971, -0.5157592002276841, 1.4321000458796922, -0.9252639459011495, 0.006536743298676706, -0.6301179588713077, 1.7276029096073913, -0.6142963567447464, -0.046799461755773215, 0.563016232000697, -1.222886976202129, -0.3754485939437121,
-4.0860436812285503E-4, 1.78183500574001, 1.14951008370712, 0.956873287610507, -0.8098323921736268, -0.6194871949869609, -0.13164662226923418, 0.8350642229462869, -0.2452973935526559, -0.5048522707741977, 0.18312572431497975, 1.3793305018214996, -0.21659702147844004, -0.7776044219089924, 1.1364172337843055, -0.42423138178318054,
0.016480205395394666, -0.32039214338149563, 1.0893004159758148, 0.8521895883172927, -0.7453811717117429, -0.6618954877118444, 1.624469784069959, -0.9740594458789946, -0.348257600375265, -0.4536384785714802, -1.3971237002429442, -0.30410267199588814, 0.04674687040741252, -0.7776044219089924, 1.1364172337843055, -0.42423138178318054,
0.04184140307229323, 1.176984276036802, -0.43797074865601937, -0.4510994596206422, -0.8589523312984777, -0.5871667401979463, -0.17419236866112203, 0.8458561540818871, 1.2583048968640926, 1.0924939832154041, 0.16427085379988293, 1.3107260426802338, -0.12305068931525429, 1.0051655735406027, -1.8524549841599438, -0.10589921198864483,
0.016480205395394666, -0.32039214338149563, 1.1849348581421435, -0.46929023109261864, 1.1531661930564059, -0.5945359826557837, 1.5357996079258933, -0.9515678335350932, 1.240413614786149, -0.534984259624223, 0.1685698685644927, -0.4470821703526091, 0.04674687040741252, 0.10669426117081898, -0.1227187821313241, 0.11486738212695408,
-0.7756286262108384, 0.7823910581327398, -0.2791137541293518, -0.17490232264479522, 0.9719186815834002, -0.4752768364810487, -0.32148112119965055, 0.8832166474154184, 1.5299547768248112, 0.9573716778749451, 0.09899734015966603, 1.073224857193355, -0.46379026078945185, 1.0051655735406027, -1.8524549841599438, -0.10589921198864483,
-0.8009898238877369, -0.714985361285558, -0.5077487774850347, -0.5724192154413832, 1.2166602131488276, 1.0599009381412698, 1.5907956141177435, 0.8294455352818709, 1.1389825263775006, -0.4845310714948914, 0.192942283283547, -0.35840183025541517, -0.293992701066785, -0.2572564402049735, -0.33158875668338783, -1.3475725825822575,
-0.7777467231891836, -0.11750983400221116, -0.3647168606622523, -0.32373639199801146, 1.0635522165166202, 1.1606445500258435, -0.24211178142193565, 0.8630842364977794, 1.3835710832190293, 1.0301848966664455, 0.1341712118457643, 1.2012068786554977, -0.355504897887322, -0.6994057817448791, 0.2979792512744269, -1.617121964537325,
0.016480205395394666, -0.32039214338149563, -2.250178855632943, -0.7620399846806941, -0.66751377432652, -0.7131314978040082, -0.008375870520610576, 0.8037960098645099, 0.9524836373378853, 1.2446135925275064, 0.23775525275503342, -0.19534743374583624, 0.04674687040741252, 0.10669426117081898, -0.1227187821313241, 0.11486738212695408,
1.5859271558226882, 0.47616949484649035, -1.9203322154178184, -1.676306141647569, -1.0205969140971682, 1.2154092492878696, -0.3142025060494281, 0.8813703920285646, 1.5165305682701153, 0.9640490598327206, 0.10222298215270047, 1.0849615288474133, 0.6961918780131587, 0.028495621006705885, 0.7157192003785544, 1.3077579648810986,
0.03760520911560271, -0.6228175082330998, 0.8646587918309236, -1.0261390674980913, -0.5049143598487331, -0.8201203727493112, 0.13246130426207234, 0.7680719899451655, 0.6927326314780542, 1.3738172377908828, 0.3001696400778015, 0.03175066705965618, 0.09352003648900539, 0.47064496254661153, 0.08615119242073963, 1.5773073468361658,
1.5880452528010334, 1.376070386981441, -0.008412504854977076, 0.29575312597516557, 0.6821475110439752, -0.2846101503360513, -0.5724694357843801, 0.9468810283828935, 0.5677277852980573, 0.7271156732874015, 1.5927568675623478, 0.6685094853143386, 0.5879065151110289, 0.028495621006705885, 0.7157192003785544, 1.3077579648810986,
-0.7819829171458742, -1.9173116182721126, -0.23496266454083306, -1.5858938102458222, 0.9246573078551661, 1.252036084620512, -0.3624170518339047, 0.8936002411196484, 0.1803207097259889, 0.9198171652375283, -1.5241333773291483, -0.7662342042824186, -0.1389341720830623, 0.10669426117081898, -0.1227187821313241, 0.11486738212695408,
1.5880452528010334, 1.376070386981441, -0.055230738265977325, 0.2143524796585537, 0.7322639192041123, -0.3175862723139392, -0.5290605873687929, 0.9358701673096925, 0.48766730370600436, 0.7669388340447333, -1.5979842919598843, 0.7385056851709797, 0.5879065151110289, -0.4136537205331998, 1.3452872083363692, 1.0382085829260312,
0.016480205395394666, -0.32039214338149563, -0.5076618891595353, -0.5722681468226483, -0.7843517026938318, 1.0599621373752297, -0.10957625793628377, 0.8294659699546738, -0.2860025507245656, 1.1517726293631514, 1.7978958455051974, -0.3585317337599635, 0.04674687040741252, 0.9269669333764895, -1.0140170016500654, 1.0869913707654997,
1.5880452528010334, 1.376070386981441, -0.22271226851580198, 1.4109151678597285, -1.0893749906913284, -0.4355508123699059, -2.0740666638508145, -0.8984820393992381, -1.2238644308273319, 0.9093970905208438, 0.07582226277957298, 0.9889010933178491, 0.5879065151110289, -0.33545508036908667, 0.5068492258264906, -0.15468199982811323,
-0.7566217194689755, -0.4199351988538152, -0.6130363179074589, 0.732277218954702, -0.6715540275997645, -0.7104730494105329, -0.011875377934199488, -0.990279691046021, -0.4661957553460806, -0.3949744534316151, 0.23620438657579015, -0.20099034364236784, -0.3087317318057291, 0.10669426117081898, -0.1227187821313241, 0.11486738212695408,
0.018598302373739925, 0.5795087487534553, 0.049705561409440865, 0.39680025680269804, -1.3809836687629893, -0.24367506366949362, -0.6263552436176679, -0.8344139475334528, -0.7580223631308495, -0.9586966291267791, -0.03611280807107553, 0.5816193255380432, -0.06153849249471733, -0.4136537205331998, 1.3452872083363692, 1.0382085829260312,
0.020716399352085187, 1.479409640888406, 1.1672079826943536, 0.9876437868593837, 1.172141862589819, 1.089193591230003, 1.552235581544118, 0.8392264711312043, 1.2101001646178455, -0.5199059416431637, 1.7808430137614093, 1.3528710311345513, -0.16982385539684716, -0.33545508036908667, 0.5068492258264906, -0.15468199982811323,
-1.5085986406131375, -0.8219036191777389, 0.2651322163707416, 0.7713523846827615, 0.38933255626659186, -0.0919406829864518, -0.8260941557589994, -0.7837492214977633, -0.3896367900879667, 0.4944410374876699, -0.12463050125154297, 0.25954294425416613, -0.6174371679372778, 0.9269669333764895, -1.0140170016500654, 1.0869913707654997,
-0.7819829171458742, -1.9173116182721126, 0.689593222579484, 0.15723761107725276, -0.31751605615001977, -0.9434266819618975, 0.2947782949889949, -1.0680638551827428, -1.031768020732119, -0.11365119885613639, 0.37210317285370875, -1.4799657192629456, -0.1389341720830623, 0.563016232000697, -1.222886976202129, -0.3754485939437121,
-1.5529667450318987, -1.1169537816094817, -1.9862024955049347, -0.30307678250062486, 1.050832594881518, 1.1690139406096907, -0.25312901405555743, 0.8658788100091187, -0.021243101712121792, -0.6162998901852382, 0.1292887379827309, -0.59000867392427, -0.6026981371983338, 0.9269669333764895, -1.0140170016500654, 1.0869913707654997,
-0.7566217194689755, -0.4199351988538152, -2.049916998861547, 1.0739007236051503, -0.8818833526221432, 1.124137039424552, 1.506236999697161, 0.8508942304191758, 1.294936983599122, 1.074272690388827, 1.7604579605386077, 1.27869892001894, -0.3087317318057291, 1.0051655735406027, -1.8524549841599438, -0.10589921198864483,
0.7895821302597649, -0.220849087909176, -0.2739042720417791, -0.16584484272707573, 0.9663422103758734, 1.224607813508845, -2.026602550849335, -2.70548490526944, -1.3114041809920367, -0.6834370671725818, -1.5081324731451133, -0.7080140549349069, 0.40222547262055414, 0.9269669333764895, -1.0140170016500654, 1.0869913707654997,
0.8128252309583182, 0.3766264393741708, -2.2990819527137694, 0.6406894124270938, -0.6151656314121465, -0.7475760801161411, 1.7372573292618954, 0.7922948239210067, 0.8688579808705905, -0.3501674880351252, 0.2578492812481783, -0.12223423174120795, 0.3407132758000172, -0.33545508036908667, 0.5068492258264906, -0.15468199982811323,
0.016480205395394666, -0.32039214338149563, 1.330122722544906, -0.21685896364251672, 0.9977503701561365, 1.203941541801872, 1.4011845757371397, 0.877541277918631, 0.06355524341094221, 0.977897879261493, -1.49607633471487, -0.6641471476720422, 0.04674687040741252, 0.10669426117081898, -0.1227187821313241, 0.11486738212695408,
0.8149433279366635, 1.2765273315091215, -0.475784971109924, -0.5168452582860132, -0.8184742340127132, -0.6138009448932042, -0.13913184350108543, -0.9580004826779772, -0.23149213406021835, -0.511719192595445, -1.4251807428572225, -0.40618972860626446, 0.23242791289788733, 0.10669426117081898, -0.1227187821313241, 0.11486738212695408,
0.04184140307229323, 1.176984276036802, 0.21156276226649823, -0.8095411866891709, 0.44667578413330583, 1.5665434008484531, 0.9238655888314724, 0.9986155114965973, 0.9438916116748958, 0.5400067247648528, -0.10261909090356923, 0.3396326431279978, -0.12305068931525429, 0.563016232000697, -1.222886976202129, -0.3754485939437121,
0.016480205395394666, -0.32039214338149563, -0.11749408040035876, -1.3816567433110145, -1.2020054185669915, -0.3614410574133683, -0.4713313698472243, 0.9212268764324725, -1.0439384020338922, -0.816478144377299, -1.5724006081932136, -0.9418571164113798, 0.04674687040741252, 0.10669426117081898, -0.1227187821313241, 0.11486738212695408,
0.039723306093947974, 0.2770833839018512, -0.037602191585724726, -1.2427524978672273, 0.7133935053433025, -0.3051697186922402, 1.1548859183962064, 0.9400161049984284, 0.5178126089463642, -0.8844334536590994, -1.6052277701939983, -1.0613005086321503, -0.014765326413124454, 0.563016232000697, -1.222886976202129, -0.3754485939437121,
0.016480205395394666, -0.32039214338149563, -0.36658968194560065, -0.32699257771441315, 1.0655569712672601, -0.5368899443587967, -0.24037534223413726, 0.862643780430485, -0.044765151832282246, -0.6045997059663846, -1.4700485198030993, -0.569443545055346, 0.04674687040741252, 0.10669426117081898, -0.1227187821313241, 0.11486738212695408,
-0.7566217194689755, -0.4199351988538152, -0.1097581647395717, 1.6073031214756475, 0.7906326051193409, 1.3402230698359079, 1.2217873683808314, 0.9230462336873089, 0.3944238875111183, 0.8133193638498442, 0.029410008440224136, 0.820027612912432, -0.3087317318057291, 0.563016232000697, -1.222886976202129, -0.3754485939437121
), byrow=TRUE, nrow=132, ncol=16)
colnames(tmp_0)<-c("Impak","Keperluan","KeperluanRekabentuk10","KeperluanRekabentuk11","KeperluanRekabentuk12","KeperluanRekabentuk3","KeperluanRekabentuk4","KeperluanRekabentuk5","KeperluanRekabentuk6","KeperluanRekabentuk9","KeperluanRekebentuk7","KeperluanRekebentuk8","Objektif","Pelaksanaan1","Pelaksanaan2","Pelaksanaan3")
rownames(tmp_0)<-c("1","2","3","4","5","6","7","8","9","10","11","12","13","14","15","16","17","18","19","20","21","22","23","24","25","26","27","28","29","30","31","32","33","34","35","36","37","38","39","40","41","42","43","44","45","46","47","48","49","50","51","52","53","54","55","56","57","58","59","60","61","62","63","64","65","66","67","68","69","70","71","72","73","74","75","76","77","78","79","80","81","82","83","84","85","86","87","88","89","90","91","92","93","94","95","96","97","98","99","100","101","102","103","104","105","106","107","108","109","110","111","112","113","114","115","116","117","118","119","120","121","122","123","124","125","126","127","128","129","130","131","132")
ResidualsOuterModelResidualScores<-tmp_0
rm(tmp_0)
tmp_0<-matrix(c(
0.0, -0.017745185296137816, 0.0,
0.0, 0.25403991443609325, 0.0,
-0.25539823371759285, 0.0, 0.0,
-0.44404881983113315, 0.0, 0.0,
0.2733901130357819, 0.0, 0.0,
-0.17988810543265107, 0.0, 0.0,
0.2367996911743976, 0.0, 0.0,
-0.06006536908640817, 0.0, 0.0,
-0.4367380847049642, 0.0, 0.0,
0.21723939964134997, 0.0, 0.0,
0.10494180720165948, 0.0, 0.0,
0.38183640235621225, 0.0, 0.0,
0.0, 0.9072029511410804, 0.0,
0.0, 0.0, -0.8479701841446474,
0.0, 0.0, -0.4866469829943335,
0.0, 0.0, 0.20835778158729149
), byrow=TRUE, nrow=16, ncol=3)
colnames(tmp_0)<-c("Keperluan Rekabentuk","Operasi Strategik","Pelaksanaan")
rownames(tmp_0)<-c("Impak","Keperluan","KeperluanRekabentuk10","KeperluanRekabentuk11","KeperluanRekabentuk12","KeperluanRekabentuk3","KeperluanRekabentuk4","KeperluanRekabentuk5","KeperluanRekabentuk6","KeperluanRekabentuk9","KeperluanRekebentuk7","KeperluanRekebentuk8","Objektif","Pelaksanaan1","Pelaksanaan2","Pelaksanaan3")
OuterLoadings<-tmp_0
rm(tmp_0)
tmp_0<-matrix(c(
-5.147397659625726E-16, -0.01629263165645717, -2.4602154594960743, 2.6097302805655875, 1.0000000000000004, 0.5184498264669304, 0.14331413723082054, 132.0,
-4.4324813180110414E-16, 0.049014706685113575, -2.451275015756832, 1.9037973277184292, 0.9999999999999996, -0.8380052482365858, -0.2433580179083425, 132.0,
4.575464586333978E-16, -0.21683728360961, -1.9397247396274802, 2.136403244943666, 1.0000000000000004, -1.0422405073683856, -0.17709073494419528, 132.0
), byrow=TRUE, nrow=3, ncol=8)
colnames(tmp_0)<-c("Mean","Median","Min","Max","Standard Deviation","Excess Kurtosis","Skewness","Number of Observations Used")
rownames(tmp_0)<-c("Keperluan Rekabentuk","Operasi Strategik","Pelaksanaan")
LatentVariableLVDescriptives<-tmp_0
rm(tmp_0)
tmp_0<-matrix(c(
0.0, 0.42916041477810335, 0.2068565246002543,
0.0, 0.0, -0.0660068871237172,
0.0, 0.0, 0.0
), byrow=TRUE, nrow=3, ncol=3)
colnames(tmp_0)<-c("Keperluan Rekabentuk","Operasi Strategik","Pelaksanaan")
rownames(tmp_0)<-c("Keperluan Rekabentuk","Operasi Strategik","Pelaksanaan")
TotalEffects<-tmp_0
rm(tmp_0)
tmp_0<-matrix(c(
0.0, 0.22575857353345602, 0.04731721193772126,
0.0, 0.0, 0.003727192776945056,
0.0, 0.0, 0.0
), byrow=TRUE, nrow=3, ncol=3)
colnames(tmp_0)<-c("Keperluan Rekabentuk","Operasi Strategik","Pelaksanaan")
rownames(tmp_0)<-c("Keperluan Rekabentuk","Operasi Strategik","Pelaksanaan")
fSquare<-tmp_0
rm(tmp_0)
tmp_0<-matrix(c(
-0.011278536396819007, -0.01774518529613783, 0.04439155106767231,
0.10582394268309185, 0.2540399144360932, 0.04819336637298465,
-0.25539823371759307, -0.11438489376989976, -0.042917826027815194,
-0.44404881983113265, -0.2351860958862155, 7.133248595252565E-4,
0.2733901130357816, 0.0798803810872835, 0.13424466242045202,
-0.17988810543265088, -0.06959818166633289, -0.052984122038796995,
0.23679969117439753, 0.1246954922791229, 0.0011198731296327134,
-0.06006536908640811, -0.051016879199997776, 0.039938267384146374,
-0.4367380847049636, -0.1399780105169999, -0.1887910789357849,
0.21723939964135036, 0.10869084264181658, 0.01286230814788758,
0.10494180720165937, 0.018903137287205208, 0.07592694528298242,
0.38183640235621275, 0.18763826716664564, 0.029671938678260422,
0.38798266419041766, 0.9072029511410794, 0.048308797953611905,
-0.17413381222259025, -0.03716307199664534, -0.8479701841446458,
-0.10833506759902499, 0.028426475478040517, -0.4866469829943332,
0.03388823110680312, 0.06183822086819907, 0.20835778158729165
), byrow=TRUE, nrow=16, ncol=3)
colnames(tmp_0)<-c("Keperluan Rekabentuk","Operasi Strategik","Pelaksanaan")
rownames(tmp_0)<-c("Impak","Keperluan","KeperluanRekabentuk10","KeperluanRekabentuk11","KeperluanRekabentuk12","KeperluanRekabentuk3","KeperluanRekabentuk4","KeperluanRekabentuk5","KeperluanRekabentuk6","KeperluanRekabentuk9","KeperluanRekebentuk7","KeperluanRekebentuk8","Objektif","Pelaksanaan1","Pelaksanaan2","Pelaksanaan3")
DiscriminantValidityCrossLoadings<-tmp_0
rm(tmp_0)
tmp_0<-matrix(c(
3.9886363636363638, 4.0, 2.0, 5.0, 0.6409802775853899, 0.16570015387439163, -0.24081829666902144, 132.0,
4.181818181818182, 4.0, 3.0, 5.0, 0.5375052053050534, -0.33033861497697137, 0.007646685147434589, 132.0,
4.204545454545454, 4.0, 3.0, 5.0, 0.6122318381883288, -0.49169921807628825, -0.14995877386960393, 132.0,
4.181818181818182, 4.0, 3.0, 5.0, 0.6721537276611768, -0.8023284547169762, -0.23524652926253872, 132.0,
4.484848484848484, 4.0, 4.0, 5.0, 0.4997703788627467, -2.0271881248026915, 0.06133308489283435, 132.0,
4.303030303030303, 4.0, 3.0, 5.0, 0.5895477714649612, -0.5855072560722885, -0.201241738304964, 132.0,
4.159090909090909, 4.0, 3.0, 5.0, 0.5881345117035297, -0.25289645263359306, -0.049848157307911665, 132.0,
4.515151515151516, 5.0, 3.0, 5.0, 0.5571144336621283, -0.7002780634788572, -0.5921979578648108, 132.0,
3.992424242424242, 4.0, 2.0, 5.0, 0.7016885707501553, -0.5761695951089858, -0.12249962103783525, 132.0,
4.386363636363637, 4.0, 3.0, 5.0, 0.6111058936249433, -0.6343081489657472, -0.4617333454588523, 132.0,
3.9242424242424243, 4.0, 3.0, 5.0, 0.6230571271197602, -0.4195104749981313, 0.0539681783836729, 132.0,
4.348484848484849, 4.0, 3.0, 5.0, 0.5638725474523756, -0.7108894330162379, -0.14804927355801542, 132.0,
4.507575757575758, 4.5, 3.5, 5.0, 0.4437480195638628, -1.436536772856819, -0.16143634223015327, 132.0,
4.098484848484849, 4.0, 3.0, 5.0, 0.649706792666583, -0.6334812106080281, -0.10027523171295451, 132.0,
4.7272727272727275, 5.0, 4.0, 5.0, 0.4453617714151233, -0.9487800636056396, -1.0323896562668906, 132.0,
4.128787878787879, 4.0, 3.0, 5.0, 0.644384872646387, -0.6137372790779207, -0.12769873037816565, 132.0
), byrow=TRUE, nrow=16, ncol=8)
colnames(tmp_0)<-c("Mean","Median","Min","Max","Standard Deviation","Excess Kurtosis","Skewness","Number of Observations Used")
rownames(tmp_0)<-c("Impak","Keperluan","KeperluanRekabentuk10","KeperluanRekabentuk11","KeperluanRekabentuk12","KeperluanRekabentuk3","KeperluanRekabentuk4","KeperluanRekabentuk5","KeperluanRekabentuk6","KeperluanRekabentuk9","KeperluanRekebentuk7","KeperluanRekebentuk8","Objektif","Pelaksanaan1","Pelaksanaan2","Pelaksanaan3")
IndicatorData_Original_MVDescriptives<-tmp_0
rm(tmp_0)
tmp_0<-matrix(c(
0.06225623241088444, 0.06225623241088444,
0.5271140324637358, 0.5271140324637359,
0.10912307055941566, 0.10912307055941577,
71.05388296174712, 71.05388296174712,
0.7218840964651615, 0.7218840964651615
), byrow=TRUE, nrow=5, ncol=2)
colnames(tmp_0)<-c("Saturated Model","Estimated Model")
rownames(tmp_0)<-c("SRMR","d_ULS","d_G","Chi-Square","NFI")
Model_FitFitSummary<-tmp_0
rm(tmp_0)
tmp_0<-matrix(c(
1.0000000000000004, 0.5622611691767169, -0.006925371886645743, 0.20497089097757115, 0.020398318763452834, 0.10925578823562693, 0.018451215589558825, -0.005958542543886513, -0.11711328398618648, -0.04517378191608875, -0.03959942035450674, 0.039655882363278404, 0.9729770259141138, -0.09578153678554134, 0.18033048791231832, 0.11706960803951928,
0.5622611691767169, 1.0000000000000002, -0.029107600536830647, 0.05850475026784735, 0.11140287440655794, 0.0990727241593435, -0.04101897625810358, 0.10851295955905398, 0.055003945584018936, -0.0840316553646255, -0.032437883186412594, 0.14758930983478802, 0.35612059458870443, -0.05887862972088617, 0.05325751523604245, -0.015808588968549295,
-0.006925371886645743, -0.029107600536830647, 0.9999999999999963, 0.14728084729669122, 0.04603548997927002, 0.013887217764324118, -0.009428117911878496, -0.17490340268524002, -0.2863013026761329, -0.05775261946673175, -0.012496749758940127, 0.07452986031494668, 3.018973740317892E-4, -0.24353318574690025, 0.24807661164107303, -0.02303073112890167,
0.20497089097757115, 0.05850475026784735, 0.14728084729669122, 1.0, 0.09803722167726125, -0.07485394151557442, 0.03673658393353594, -0.03804694602973714, -0.3166896469071508, -0.12742046179904878, 0.028304236246906922, 0.31665648919541906, 0.21527546702000605, 0.09876469915535833, 0.04605948242576446, 0.23285717085105376,
0.020398318763452834, 0.11140287440655794, 0.04603548997927002, 0.09803722167726125, 0.9999999999999993, 0.06844417434722637, -0.07428730011755563, 0.10297435255212116, 0.1251230402642662, -0.16172222075833467, -0.11014505072703343, -0.1870624498141699, -0.008056178389073644, -0.06584384458712715, 0.09865014191277292, 0.04189725311473018,
0.10925578823562693, 0.0990727241593435, 0.013887217764324118, -0.07485394151557442, 0.06844417434722637, 1.0, 0.1505657108675626, 0.2096633604214583, -0.020425889587937403, 0.052643897075244195, 0.041018997627460155, 0.17733555524769176, 0.0957929303387366, -0.007564987009381187, -0.0010867869835398853, -0.014115622947021737,
0.018451215589558825, -0.04101897625810358, -0.009428117911878496, 0.03673658393353594, -0.07428730011755563, 0.1505657108675626, 1.0, 0.257409049588635, 0.3947156786670177, -0.03454324680255724, 0.07251299820382043, -0.0833498159460293, 0.032302559178077055, -0.0783652063310486, -0.006511882540253302, -0.13898990062151917,
-0.005958542543886513, 0.10851295955905398, -0.17490340268524002, -0.03804694602973714, 0.10297435255212116, 0.2096633604214583, 0.257409049588635, 1.0000000000000004, 0.24087988930619825, 0.14418827899832604, 0.09762442962005935, 0.18962148846585336, -0.03703173558225876, 0.1156995484683846, -0.0991974008661822, 0.03938008325916394,
-0.11711328398618648, 0.055003945584018936, -0.2863013026761329, -0.3166896469071508, 0.1251230402642662, -0.020425889587937403, 0.3947156786670177, 0.24087988930619825, 0.9999999999999996, 0.29689672783818777, 0.16597926823967962, 0.4388900194150791, -0.14769262954957066, 0.12191292617157533, -0.1912754061307169, -0.0907115581349838,
-0.04517378191608875, -0.0840316553646255, -0.05775261946673175, -0.12742046179904878, -0.16172222075833467, 0.052643897075244195, -0.03454324680255724, 0.14418827899832604, 0.29689672783818777, 1.0000000000000007, 0.15819034851138328, 0.13291765203953582, -0.027581895451807312, 0.1672230364849064, -0.2548126673752029, -0.1129161668349691,
-0.03959942035450674, -0.032437883186412594, -0.012496749758940127, 0.028304236246906922, -0.11014505072703343, 0.041018997627460155, 0.07251299820382043, 0.09762442962005935, 0.16597926823967962, 0.15819034851138328, 1.0000000000000007, 0.10854301856622166, -0.03568893575279776, 0.08584786447939771, -0.07367319455232561, 0.029113312026157728,
0.039655882363278404, 0.14758930983478802, 0.07452986031494668, 0.31665648919541906, -0.1870624498141699, 0.17733555524769176, -0.0833498159460293, 0.18962148846585336, 0.4388900194150791, 0.13291765203953582, 0.10854301856622166, 1.0000000000000013, 0.003600398538312016, 0.19683065771516967, -0.10756079266099394, 0.16025576435516412,
0.9729770259141138, 0.35612059458870443, 3.018973740317892E-4, 0.21527546702000605, -0.008056178389073644, 0.0957929303387366, 0.032302559178077055, -0.03703173558225876, -0.14769262954957066, -0.027581895451807312, -0.03568893575279776, 0.003600398538312016, 0.9999999999999996, -0.09179033501740148, 0.18889766278451997, 0.1366992325114846,
-0.09578153678554134, -0.05887862972088617, -0.24353318574690025, 0.09876469915535833, -0.06584384458712715, -0.007564987009381187, -0.0783652063310486, 0.1156995484683846, 0.12191292617157533, 0.1672230364849064, 0.08584786447939771, 0.19683065771516967, -0.09179033501740148, 1.0000000000000009, -0.8038077140894139, 0.4219938973929408,
0.18033048791231832, 0.05325751523604245, 0.24807661164107303, 0.04605948242576446, 0.09865014191277292, -0.0010867869835398853, -0.006511882540253302, -0.0991974008661822, -0.1912754061307169, -0.2548126673752029, -0.07367319455232561, -0.10756079266099394, 0.18889766278451997, -0.8038077140894139, 1.0, 0.20012380704116323,
0.11706960803951928, -0.015808588968549295, -0.02303073112890167, 0.23285717085105376, 0.04189725311473018, -0.014115622947021737, -0.13898990062151917, 0.03938008325916394, -0.0907115581349838, -0.1129161668349691, 0.029113312026157728, 0.16025576435516412, 0.1366992325114846, 0.4219938973929408, 0.20012380704116323, 1.0000000000000022
), byrow=TRUE, nrow=16, ncol=16)
colnames(tmp_0)<-c("Impak","Keperluan","KeperluanRekabentuk10","KeperluanRekabentuk11","KeperluanRekabentuk12","KeperluanRekabentuk3","KeperluanRekabentuk4","KeperluanRekabentuk5","KeperluanRekabentuk6","KeperluanRekabentuk9","KeperluanRekebentuk7","KeperluanRekebentuk8","Objektif","Pelaksanaan1","Pelaksanaan2","Pelaksanaan3")
rownames(tmp_0)<-c("Impak","Keperluan","KeperluanRekabentuk10","KeperluanRekabentuk11","KeperluanRekabentuk12","KeperluanRekabentuk3","KeperluanRekabentuk4","KeperluanRekabentuk5","KeperluanRekabentuk6","KeperluanRekabentuk9","KeperluanRekebentuk7","KeperluanRekebentuk8","Objektif","Pelaksanaan1","Pelaksanaan2","Pelaksanaan3")
ResidualsOuterModelResidualCorrelation<-tmp_0
rm(tmp_0)
tmp_0<-matrix(c(
1.0000000000000009, 0.42916041477810374, 0.2068565246002545,
0.42916041477810374, 0.9999999999999991, 0.03492480490093953,
0.2068565246002545, 0.03492480490093953, 1.000000000000001
), byrow=TRUE, nrow=3, ncol=3)
colnames(tmp_0)<-c("Keperluan Rekabentuk","Operasi Strategik","Pelaksanaan")
rownames(tmp_0)<-c("Keperluan Rekabentuk","Operasi Strategik","Pelaksanaan")
LatentVariableLatentVariableCovariances<-tmp_0
rm(tmp_0)
tmp_0<-matrix(c(
0.0, 1.0, 1.2257585735334566,
0.0, 0.0, 1.2257585735334595,
0.0, 0.0, 0.0
), byrow=TRUE, nrow=3, ncol=3)
colnames(tmp_0)<-c("Keperluan Rekabentuk","Operasi Strategik","Pelaksanaan")
rownames(tmp_0)<-c("Keperluan Rekabentuk","Operasi Strategik","Pelaksanaan")
CollinearityStatistics_VIF_InnerVIFValues<-tmp_0
rm(tmp_0)
tmp_0<-matrix(c(
-1.6737453174273193E-16, 0.016480205395394666, -3.1012886917389846, 1.5880452528010334, 0.9998425418028589, 0.15863148089123458, -0.23829033712750486, 132.0,
3.776440439823449E-16, -0.220849087909176, -2.418823094068356, 1.9809211166846492, 0.9671937354394424, -0.21691987877239738, 0.1691695099444917, 132.0,
5.040160208383523E-16, -0.18526524492087273, -2.2990819527137694, 1.641262317335563, 0.9668359437949834, -0.300348897460609, -0.26159726297354813, 132.0,
1.0261152197293113E-16, -0.10754974232174502, -2.0435330658830395, 1.9385849679730087, 0.8960025924106344, -0.6719745391690526, -0.09205274797978708, 132.0,
9.857434733793057E-16, -0.31751605615001977, -1.414248517780981, 1.689827999104776, 0.9619032415447409, -1.7428112819859456, 0.06913000659854301, 132.0,
4.1549255618547523E-16, -0.401365627836603, -2.2131508974279286, 1.6365258993100487, 0.9836870790672467, -0.8059369059218588, -0.07068321274926968, 132.0,
1.1775092685418327E-17, -0.18592562539987806, -2.2305919508040466, 1.7974857214139917, 0.9715584934833881, -0.056419721841749926, -0.08245688013679844, 132.0,
-9.167750733647126E-16, 0.7922948239210067, -2.736832770854579, 1.0258180012383085, 0.9981944457051002, -0.7789891720457112, -0.5659891190355776, 132.0,
4.583875366823563E-17, 0.006536743298676706, -2.964469624259766, 2.3687917341391547, 0.8995887090044208, 0.11302026232554852, -0.14790744909036585, 132.0,
-4.188568683813091E-16, -0.3703515057580319, -2.408810774656428, 1.5385965338718566, 0.9761183551411494, -0.772056222821428, -0.3436507471905951, 132.0,
-8.652590428660074E-17, 0.10491632326367659, -1.6052277701939983, 1.853088254738512, 0.9944783643203355, -0.41993439196511995, 0.05688071327118806, 132.0,
-1.6905668784064883E-16, -0.1998561766091988, -2.2821856384097647, 1.5172590146168021, 0.9242299290953859, -0.7782200637227112, -0.0677415394802007, 132.0,
-1.4550650246981218E-16, 0.04674687040741252, -1.205369978722487, 0.8044772409152886, 0.4206932438736312, 0.09982888590979888, -0.27356776492349505, 132.0,
1.2868494149064315E-16, 0.028495621006705885, -1.141555123284785, 1.0051655735406027, 0.5300439291244611, -0.7101924437254663, -0.01680938794693481, 132.0,
-3.801672781292203E-16, 0.08615119242073963, -1.8524549841599438, 1.3452872083363692, 0.8735987144808036, -0.9349791524090301, -0.40423029560407564, 132.0,
-2.4265101712451337E-16, -0.15468199982811323, -1.8866713464923923, 1.5773073468361658, 0.9780526748861842, -0.5278854377794882, -0.14969788075862908, 132.0
), byrow=TRUE, nrow=16, ncol=8)
colnames(tmp_0)<-c("Mean","Median","Min","Max","Standard Deviation","Excess Kurtosis","Skewness","Number of Observations Used")
rownames(tmp_0)<-c("Impak","Keperluan","KeperluanRekabentuk10","KeperluanRekabentuk11","KeperluanRekabentuk12","KeperluanRekabentuk3","KeperluanRekabentuk4","KeperluanRekabentuk5","KeperluanRekabentuk6","KeperluanRekabentuk9","KeperluanRekebentuk7","KeperluanRekebentuk8","Objektif","Pelaksanaan1","Pelaksanaan2","Pelaksanaan3")
ResidualsOuterModelResidualDescriptives<-tmp_0
rm(tmp_0)
tmp_0
tmp_0<-matrix(c(
0.0, 1.0, 1.2257585735334566,
0.0, 0.0, 1.2257585735334595,
0.0, 0.0, 0.0
), byrow=TRUE, nrow=3, ncol=3)
colnames(tmp_0)<-c("Keperluan Rekabentuk","Operasi Strategik","Pelaksanaan")
rownames(tmp_0)<-c("Keperluan Rekabentuk","Operasi Strategik","Pelaksanaan")
CollinearityStatistics_VIF_InnerVIFValues<-tmp_0
tmp_0
CollinearityStatistics_VIF_InnerVIFValues
rm(tmp_0)
tmp_0<-matrix(c(
-1.6737453174273193E-16, 0.016480205395394666, -3.1012886917389846, 1.5880452528010334, 0.9998425418028589, 0.15863148089123458, -0.23829033712750486, 132.0,
3.776440439823449E-16, -0.220849087909176, -2.418823094068356, 1.9809211166846492, 0.9671937354394424, -0.21691987877239738, 0.1691695099444917, 132.0,
5.040160208383523E-16, -0.18526524492087273, -2.2990819527137694, 1.641262317335563, 0.9668359437949834, -0.300348897460609, -0.26159726297354813, 132.0,
1.0261152197293113E-16, -0.10754974232174502, -2.0435330658830395, 1.9385849679730087, 0.8960025924106344, -0.6719745391690526, -0.09205274797978708, 132.0,
9.857434733793057E-16, -0.31751605615001977, -1.414248517780981, 1.689827999104776, 0.9619032415447409, -1.7428112819859456, 0.06913000659854301, 132.0,
4.1549255618547523E-16, -0.401365627836603, -2.2131508974279286, 1.6365258993100487, 0.9836870790672467, -0.8059369059218588, -0.07068321274926968, 132.0,
1.1775092685418327E-17, -0.18592562539987806, -2.2305919508040466, 1.7974857214139917, 0.9715584934833881, -0.056419721841749926, -0.08245688013679844, 132.0,
-9.167750733647126E-16, 0.7922948239210067, -2.736832770854579, 1.0258180012383085, 0.9981944457051002, -0.7789891720457112, -0.5659891190355776, 132.0,
4.583875366823563E-17, 0.006536743298676706, -2.964469624259766, 2.3687917341391547, 0.8995887090044208, 0.11302026232554852, -0.14790744909036585, 132.0,
-4.188568683813091E-16, -0.3703515057580319, -2.408810774656428, 1.5385965338718566, 0.9761183551411494, -0.772056222821428, -0.3436507471905951, 132.0,
-8.652590428660074E-17, 0.10491632326367659, -1.6052277701939983, 1.853088254738512, 0.9944783643203355, -0.41993439196511995, 0.05688071327118806, 132.0,
-1.6905668784064883E-16, -0.1998561766091988, -2.2821856384097647, 1.5172590146168021, 0.9242299290953859, -0.7782200637227112, -0.0677415394802007, 132.0,
-1.4550650246981218E-16, 0.04674687040741252, -1.205369978722487, 0.8044772409152886, 0.4206932438736312, 0.09982888590979888, -0.27356776492349505, 132.0,
1.2868494149064315E-16, 0.028495621006705885, -1.141555123284785, 1.0051655735406027, 0.5300439291244611, -0.7101924437254663, -0.01680938794693481, 132.0,
-3.801672781292203E-16, 0.08615119242073963, -1.8524549841599438, 1.3452872083363692, 0.8735987144808036, -0.9349791524090301, -0.40423029560407564, 132.0,
-2.4265101712451337E-16, -0.15468199982811323, -1.8866713464923923, 1.5773073468361658, 0.9780526748861842, -0.5278854377794882, -0.14969788075862908, 132.0
), byrow=TRUE, nrow=16, ncol=8)
tmp_0
colnames(tmp_0)<-c("Mean","Median","Min","Max","Standard Deviation","Excess Kurtosis","Skewness","Number of Observations Used")
rownames(tmp_0)<-c("Impak","Keperluan","KeperluanRekabentuk10","KeperluanRekabentuk11","KeperluanRekabentuk12","KeperluanRekabentuk3","KeperluanRekabentuk4","KeperluanRekabentuk5","KeperluanRekabentuk6","KeperluanRekabentuk9","KeperluanRekebentuk7","KeperluanRekebentuk8","Objektif","Pelaksanaan1","Pelaksanaan2","Pelaksanaan3")
tmp_0
ResidualsOuterModelResidualDescriptives<-tmp_0
rm(tmp_0)
IndirectEffectsTotalIndirectEffects
ConstructReliabilityandValidity
DiscriminantValidityFornell_LarckerCriterion
DiscriminantValidityHeterotrait_MonotraitRatio_HTMT_
DiscriminantValidityCrossLoadings
setwd("D:/GitHub/COVID-19_Malaysia")
library(devtools)
devtools::install_github("RamiKrispin/coronavirus", force = TRUE)
library(devtools)
devtools::install_github("RamiKrispin/coronavirus", force = TRUE)
devtools::install_github("RamiKrispin/coronavirus", force = TRUE)
library(devtools)
devtools::install_github("RamiKrispin/coronavirus", force = TRUE)
library(devtools)
install.packages("usethis")
library(devtools)
install.packages("pkgbuild")
library(devtools)
install.packages("remotes")
library(devtools)
devtools::install_github("RamiKrispin/coronavirus", force = TRUE)
setwd("D:/GitHub/COVID-19_Malaysia")
setwd("E:/iCMS2021")
library(devtools)
devtools::install_github("RamiKrispin/coronavirus", force = TRUE)
setwd("D:/R/Teaching/MAT111 - Business Mathematics/MAT111 - Business Mathematics")
library(devtools)
devtools::install_github("RamiKrispin/coronavirus", force = TRUE)
library(devtools)
devtools::install_github("RamiKrispin/coronavirus", force = TRUE)
library(devtools)
devtools::install_github("RamiKrispin/coronavirus", force = TRUE)
library(devtools)
devtools::install_github("RamiKrispin/coronavirus", force = TRUE)
library(devtools)
devtools::install_github("RamiKrispin/coronavirus", force = TRUE)
library(devtools)
devtools::install_github("RamiKrispin/coronavirus", force = TRUE)
library(devtools)
devtools::install_github("RamiKrispin/coronavirus", force = TRUE)
library(devtools)
devtools::install_github("RamiKrispin/coronavirus", force = TRUE)
install.packages("DataEditR")
DataEditR:::data_edit()
DataEditR:::data_edit()
DataEditR:::data_edit()
DataEditR:::data_edit()
DataEditR:::data_edit()
library(devtools)
devtools::install_github("RamiKrispin/coronavirus", force = TRUE)
mydownload <- function (start_date, end_date) {
start_date <- as.Date(start_date)  ## convert to Date object
end_date <- as.Date(end_date)  ## convert to Date object
dates <- as.Date("1970/01/01") + (start_date : end_date)  ## date sequence
## a loop to download data
for (i in 1:length(dates)) {
string_date <- as.character(dates[i])
myfile <- paste0("/Users/kaman/Desktop/covid19/", string_date, ".csv")
string_date <- gsub("-", "/", string_date)  ## replace "-" with "/"
myurl <- paste("https://https://csv-covid-malaysia.herokuapp.com/?fbclid=IwAR12KLWvAwdM7xjtepCqLgdxLcmjExkbiM1V-6QSc_tsgT4YmzaNwQvCiHw/download", string_date, "death", sep = "-")
download.file(url = myurl, destfile = myfile, quiet = TRUE)
}
}
mydownload("2021/05/01", "2021/05/24")
mydownload("2021/05/01", "2021/05/24")
mydownload <- function (start_date, end_date) {
start_date <- as.Date(start_date)  ## convert to Date object
end_date <- as.Date(end_date)  ## convert to Date object
dates <- as.Date("1970/01/01") + (start_date : end_date)  ## date sequence
## a loop to download data
for (i in 1:length(dates)) {
string_date <- as.character(dates[i])
myfile <- paste0("/Users/kaman/Desktop/covid19/", string_date, ".csv")
string_date <- gsub("-", "/", string_date)  ## replace "-" with "/"
myurl <- paste("https://https://csv-covid-malaysia.herokuapp.com/?fbclid=IwAR12KLWvAwdM7xjtepCqLgdxLcmjExkbiM1V-6QSc_tsgT4YmzaNwQvCiHw/download", string_date, "death", sep = "-")
download.file(url = myurl, destfile = myfile, quiet = TRUE)
}
}
mydownload("2021/05/01", "2021/05/24")
mydownload <- function (start_date, end_date) {
start_date <- as.Date(start_date)  ## convert to Date object
end_date <- as.Date(end_date)  ## convert to Date object
dates <- as.Date("1970/01/01") + (start_date : end_date)  ## date sequence
## a loop to download data
for (i in 1:length(dates)) {
string_date <- as.character(dates[i])
myfile <- paste0("/Users/kaman/Desktop/covid19/", string_date, ".csv")
string_date <- gsub("-", "/", string_date)  ## replace "-" with "/"
myurl <- paste("https://csv-covid-malaysia.herokuapp.com/?fbclid=IwAR12KLWvAwdM7xjtepCqLgdxLcmjExkbiM1V-6QSc_tsgT4YmzaNwQvCiHw/download", string_date, "death", sep = "-")
download.file(url = myurl, destfile = myfile, quiet = TRUE)
}
}
mydownload("2021/05/01", "2021/05/24")
mydownload <- function (start_date, end_date) {
start_date <- as.Date(start_date)  ## convert to Date object
end_date <- as.Date(end_date)  ## convert to Date object
dates <- as.Date("1970-01-01") + (start_date : end_date)  ## date sequence
## a loop to download data
for (i in 1:length(dates)) {
string_date <- as.character(dates[i])
myfile <- paste0("/Users/kaman/Desktop/covid19/", string_date, ".csv")
string_date <- gsub("-", "/", string_date)  ## replace "-" with "/"
myurl <- paste("https://csv-covid-malaysia.herokuapp.com/?fbclid=IwAR12KLWvAwdM7xjtepCqLgdxLcmjExkbiM1V-6QSc_tsgT4YmzaNwQvCiHw/download", string_date, "death", sep = "-")
download.file(url = myurl, destfile = myfile, quiet = TRUE)
}
}
mydownload("2021-05-01", "2021-05-24")
mydownload("2021-05-15", "2021-05-24")
mydownload <- function (start_date, end_date) {
start_date <- as.Date(start_date)  ## convert to Date object
end_date <- as.Date(end_date)  ## convert to Date object
dates <- as.Date("1970-01-01") + (start_date : end_date)  ## date sequence
## a loop to download data
for (i in 1:length(dates)) {
string_date <- as.character(dates[i])
myfile <- paste0("/Users/kaman/Desktop/covid19/", string_date, ".csv")
string_date <- gsub("-", "/", string_date)  ## replace "-" with "/"
myurl <- paste("https://csv-covid-malaysia.herokuapp.com/?fbclid=IwAR12KLWvAwdM7xjtepCqLgdxLcmjExkbiM1V-6QSc_tsgT4YmzaNwQvCiHw/download", string_date, "death", sep = "-")
download.file(url = myurl, destfile = myfile, quiet = TRUE)
}
}
mydownload("2021-05-15", "2021-05-24")
mydownload <- function (start_date, end_date) {
start_date <- as.Date(start_date)  ## convert to Date object
end_date <- as.Date(end_date)  ## convert to Date object
dates <- as.Date("1970-01-01") + (start_date : end_date)  ## date sequence
## a loop to download data
for (i in 1:length(dates)) {
string_date <- as.character(dates[i])
myfile <- paste0("C:/Users/kaman/Desktop/covid19/", string_date, ".csv")
string_date <- gsub("-", "/", string_date)  ## replace "-" with "/"
myurl <- paste("https://csv-covid-malaysia.herokuapp.com/?fbclid=IwAR12KLWvAwdM7xjtepCqLgdxLcmjExkbiM1V-6QSc_tsgT4YmzaNwQvCiHw/download", string_date, "death", sep = "-")
download.file(url = myurl, destfile = myfile, quiet = TRUE)
}
}
mydownload("2021-05-15", "2021-05-24")
mydownload("2021-05-01", "2021-05-24")
mydownload <- function (start_date, end_date) {
start_date <- as.Date(start_date)  ## convert to Date object
end_date <- as.Date(end_date)  ## convert to Date object
dates <- as.Date("1970-01-01") + (start_date : end_date)  ## date sequence
## a loop to download data
for (i in 1:length(dates)) {
string_date <- as.character(dates[i])
myfile <- paste0("C:/Users/kaman/Desktop/covid19/", string_date, ".csv")
string_date <- gsub("-", "/", string_date)  ## replace "-" with "/"
myurl <- paste("https://csv-covid-malaysia.herokuapp.com/download", string_date, "death", sep = "-")
download.file(url = myurl, destfile = myfile, quiet = TRUE)
}
}
mydownload("2021-05-01", "2021-05-24")
m
mydownload <- function (start_date, end_date) {
start_date <- as.Date(start_date)  ## convert to Date object
end_date <- as.Date(end_date)  ## convert to Date object
dates <- as.Date("1970-01-01") + (start_date : end_date)  ## date sequence
## a loop to download data
for (i in 1:length(dates)) {
string_date <- as.character(dates[i])
myfile <- paste0("C:/Users/kaman/Desktop/covid19/", string_date, ".csv")
string_date <- gsub("-", "/", string_date)  ## replace "-" with "/"
myurl <- paste("https://csv-covid-malaysia.herokuapp.com/download", string_date, "death", sep = "/")
download.file(url = myurl, destfile = myfile, quiet = TRUE)
}
}
mydownload("2021-05-01", "2021-05-24")
mydownload <- function (start_date, end_date) {
start_date <- as.Date(start_date)  ## convert to Date object
end_date <- as.Date(end_date)  ## convert to Date object
dates <- as.Date("1970-01-01") + (start_date : end_date)  ## date sequence
## a loop to download data
for (i in 1:length(dates)) {
string_date <- as.character(dates[i])
myfile <- paste0("C:/Users/kaman/Desktop/covid19/", string_date, ".csv")
#string_date <- gsub("-", "/", string_date)  ## replace "-" with "/"
myurl <- paste("https://csv-covid-malaysia.herokuapp.com/download", string_date, "death", sep = "/")
download.file(url = myurl, destfile = myfile, quiet = TRUE)
}
}
mydownload("2021-05-01", "2021-05-24")
mydownload("2020-03-21", "2021-05-24")
mydownload <- function (start_date, end_date) {
start_date <- as.Date(start_date)  ## convert to Date object
end_date <- as.Date(end_date)  ## convert to Date object
dates <- as.Date("1970-01-01") + (start_date : end_date)  ## date sequence
## a loop to download data
for (i in 1:length(dates)) {
string_date <- as.character(dates[i])
myfile <- paste0("C:/Users/kaman/Desktop/covid19/", string_date, ".csv")
#string_date <- gsub("-", "/", string_date)  ## replace "-" with "/"
myurl <- paste("https://csv-covid-malaysia.herokuapp.com/download", string_date, "death", sep = "/")
download.file(url = myurl, destfile = myfile, quiet = TRUE)
}
}
mydownload("2020-03-21", "2021-05-24")
mydownload("2021-05-14", "2021-05-24")
View(mydownload)
View(mydownload)
mydownload("2021-04-01", "2021-04-30")
mydownload("2021-03-01", "2021-03-31")
mydownload("2021-02-01", "2021-02-28")
mydownload("2021-01-01", "2021-01-31")
update.packages("rticles")
install.packages("rticles")
library(devtools)
devtools::install_github("RamiKrispin/coronavirus", force = TRUE)
devtools::install_github("RamiKrispin/coronavirus", force = TRUE)
library(devtools)
devtools::install_github("RamiKrispin/coronavirus", force = TRUE)
devtools::install_github("RamiKrispin/coronavirus", force = TRUE)
library(devtools)
devtools::install_github("RamiKrispin/coronavirus", force = TRUE)
devtools::install_github("RamiKrispin/coronavirus", force = TRUE)
devtools::install_github("RamiKrispin/coronavirus", force = TRUE)
devtools::install_github("RamiKrispin/coronavirus", force = TRUE)
library(devtools)
devtools::install_github("RamiKrispin/coronavirus", force = TRUE)
library(devtools)
devtools::install_github("RamiKrispin/coronavirus", force = TRUE)
